974.580338
5937.029526
6223.367465
4797.231267
12779.379640
34435.367440
36126.492700
29796.048340
1391.253792
33692.605080
1441.284873
3822.137084
7446.298803
12569.851770
9065.800825
10680.792820
1217.032994
430.070692
1713.778686
2042.095240
36319.235010
706.016537
1704.063724
13171.638850
4959.114854
7006.580419
986.147879
277.551859
3632.557798
9645.061420
1544.750112
14619.222720
8948.102923
22833.308510
35278.418740
2082.481567
6025.374752
6873.262326
5581.180998
5728.353514
12154.089750
641.369524
690.805576
33207.084400
30470.016700
13206.484520
752.749726
32170.374420
1327.608910
27538.411880
5186.050003
942.654211
579.231743
1201.637154
3548.330846
39724.978670
18008.944440
36180.789190
2452.210407
3540.651564
11605.714490
4471.061906
40675.996350
25523.277100
28569.719700
7320.880262
31656.068060
4519.461171
1463.249282
1593.065480
23348.139730
47306.989780
10461.058680
1569.331442
414.507341
12057.499280
1044.770126
759.349910
12451.655800
1042.581557
1803.151496
10956.991120
11977.574960
3095.772271
9253.896111
3820.175230
823.685621
944.000000
4811.060429
1091.359778
36797.933320
25185.009110
2749.320965
619.676892
2013.977305
49357.190170
22316.192870
2605.947580
9809.185636
4172.838464
7408.905561
3190.481016
15389.924680
20509.647770
19328.709010
7670.122558
10808.475610
863.088464
1598.435089
21654.831940
1712.472136
9786.534714
862.540756
47143.179640
18678.314350
25768.257590
926.141068
9269.657808
28821.063700
3970.095407
2602.394995
4513.480643
33859.748350
37506.419070
4184.548089
28718.276840
1107.482182
7458.396327
882.969944
18008.509240
7092.923025
8458.276384
1056.380121
33203.261280
42951.653090
10611.462990
11415.805690
2441.576404
3025.349798
2280.769906
1271.211593
469.709298
