28.800000
55.230000
43.080000
30.020000
62.480000
69.120000
66.800000
50.940000
37.480000
68.000000
38.220000
40.410000
53.820000
47.620000
50.920000
59.600000
31.980000
39.030000
39.420000
38.520000
68.750000
35.460000
38.090000
54.740000
44.000000
50.640000
40.720000
39.140000
42.110000
57.210000
40.480000
61.210000
59.420000
66.870000
70.780000
34.810000
45.930000
48.360000
41.890000
45.260000
34.480000
35.930000
34.080000
66.550000
67.410000
37.000000
30.000000
67.500000
43.150000
65.860000
42.020000
33.610000
32.500000
37.580000
41.910000
60.960000
64.030000
72.490000
37.370000
37.470000
44.870000
45.320000
66.910000
65.390000
65.940000
58.530000
63.030000
43.160000
42.270000
50.060000
47.450000
55.560000
55.930000
42.140000
38.480000
42.720000
36.680000
36.260000
48.460000
33.680000
40.540000
50.990000
50.790000
42.240000
59.160000
42.870000
31.290000
36.320000
41.720000
36.160000
72.130000
69.390000
42.310000
37.440000
36.320000
72.670000
37.580000
43.440000
55.190000
62.650000
43.900000
47.750000
61.310000
59.820000
64.280000
52.720000
61.050000
40.000000
46.470000
39.880000
37.280000
58.000000
30.330000
60.400000
64.360000
65.570000
32.980000
45.010000
64.940000
57.590000
38.640000
41.410000
71.860000
69.620000
45.880000
58.500000
41.220000
50.850000
38.600000
59.100000
44.600000
43.580000
39.980000
69.180000
68.440000
66.070000
55.090000
40.410000
43.160000
32.550000
42.040000
48.450000
