43.828000
76.423000
72.301000
42.731000
75.320000
81.235000
79.829000
75.635000
64.062000
79.441000
56.728000
65.554000
74.852000
50.728000
72.390000
73.005000
52.295000
49.580000
59.723000
50.430000
80.653000
44.741000
50.651000
78.553000
72.961000
72.889000
65.152000
46.462000
55.322000
78.782000
48.328000
75.748000
78.273000
76.486000
78.332000
54.791000
72.235000
74.994000
71.338000
71.878000
51.579000
58.040000
52.947000
79.313000
80.657000
56.735000
59.448000
79.406000
60.022000
79.483000
70.259000
56.007000
46.388000
60.916000
70.198000
82.208000
73.338000
81.757000
64.698000
70.650000
70.964000
59.545000
78.885000
80.745000
80.546000
72.567000
82.603000
72.535000
54.110000
67.297000
78.623000
77.588000
71.993000
42.592000
45.678000
73.952000
59.443000
48.303000
74.241000
54.467000
64.164000
72.801000
76.195000
66.803000
74.543000
71.164000
42.082000
62.069000
52.906000
63.785000
79.762000
80.204000
72.899000
56.867000
46.859000
80.196000
75.640000
65.483000
75.537000
71.752000
71.421000
71.688000
75.563000
78.098000
78.746000
76.442000
72.476000
46.242000
65.528000
72.777000
63.062000
74.002000
42.568000
79.972000
74.663000
77.926000
48.159000
49.339000
80.941000
72.396000
58.556000
39.613000
80.884000
81.701000
74.143000
78.400000
52.517000
70.616000
58.420000
69.819000
73.923000
71.777000
51.542000
79.425000
78.242000
76.384000
73.747000
74.249000
73.422000
62.698000
42.384000
43.487000
