2.530000
2.570000
2.620000
2.670000
2.710000
2.760000
2.810000
2.860000
2.920000
2.970000
3.030000
3.080000
3.140000
3.200000
3.260000
3.330000
3.400000
3.470000
3.540000
3.620000
3.690000
3.770000
3.840000
3.920000
4.000000
4.070000
4.150000
4.220000
4.300000
4.370000
4.450000
4.530000
4.610000
4.690000
4.780000
4.860000
4.950000
5.050000
5.140000
5.230000
5.320000
5.410000
5.490000
5.580000
5.660000
5.740000
5.820000
5.900000
5.980000
6.050000
6.130000
6.200000
6.280000
6.360000
6.440000
6.510000
6.590000
6.670000
6.750000
6.830000
6.920000
7.000000
7.080000
7.160000
7.240000
7.320000
7.400000
7.480000
7.560000
7.640000
7.720000
7.790000
7.870000
7.940000
8.010000
8.080000
8.150000
8.220000
8.290000
8.360000
8.420000
8.490000
8.560000
8.620000
8.680000
8.740000
8.800000
8.860000
8.920000
8.980000
9.040000
9.090000
9.150000
9.200000
9.260000
9.310000
9.360000
9.410000
9.460000
9.500000
9.550000
9.600000
9.640000
9.680000
9.730000
9.770000
9.810000
9.850000
9.880000
9.920000
9.960000
9.990000
10.030000
10.060000
10.090000
10.130000
10.160000
10.190000
10.220000
10.250000
10.280000
10.310000
10.330000
10.360000
10.380000
10.410000
10.430000
10.460000
10.480000
10.500000
10.520000
10.550000
10.570000
10.590000
10.610000
10.630000
10.650000
10.660000
10.680000
10.700000
10.720000
10.730000
10.750000
10.770000
10.780000
10.790000
10.810000
10.820000
10.830000
10.840000
10.850000
