31.889923
3.600523
33.333216
12.420476
40.301927
20.434176
8.199783
0.708573
150.448339
10.392226
8.078314
9.119152
4.552198
1.639131
190.010647
7.322858
14.326203
8.390505
14.131858
17.696293
33.390141
4.369038
10.238807
16.284741
1318.683096
44.227550
0.710960
64.606759
3.800610
4.133884
18.013409
4.493312
11.416987
10.228744
5.468120
0.496374
9.319622
13.755680
80.264543
6.939688
0.551201
4.906585
76.511887
5.238460
61.083916
1.454867
1.688359
82.400996
22.873338
10.706290
12.572928
9.947814
1.472041
8.502814
7.483763
6.980412
9.956108
0.301931
1110.396331
223.547000
69.453570
27.499638
4.109086
6.426679
58.147733
2.780132
127.467972
6.053193
35.610177
23.301725
49.044790
2.505559
3.921278
2.012649
3.193942
6.036914
19.167654
13.327079
24.821286
12.031795
3.270065
1.250882
108.700891
2.874127
0.684736
33.757175
19.951656
47.761980
2.055080
28.901790
16.570613
4.115771
5.675356
12.894865
135.031164
4.627926
3.204897
169.270617
3.242173
6.667147
28.674757
91.077287
38.518241
10.642836
3.942491
0.798094
22.276056
8.860588
0.199579
27.601038
12.267493
10.150265
6.144562
4.553009
5.447502
2.009245
9.118773
43.997828
40.448191
20.378239
42.292929
1.133066
9.031088
7.554661
19.314747
23.174294
38.139640
65.068149
5.701579
1.056608
10.276158
71.158647
29.170398
60.776238
301.139947
3.447496
26.084662
85.262356
4.018332
22.211743
11.746035
12.311143
